radix 1 1 11111111 11111111 11111111 1 1

vname rst clk ins[7:0] pc[7:0] acc[7:0]  c z
io i i iiiiiiii oooooooo oooooooo o o

tunit ns

period 200

vih 5.0

voh 4.5


;clear and load acc(0100) and then move to reg1


1 0 00000000 uuuuuuuu uuuuuuuu u u
;1

0 0 11010100 00000000 00000000 0 0
;2

0 1 11010100 00000000 00000000 0 0
;3

0 0 11010100 00000000 00000000 0 0
;4

0 1 11010100 00000000 00000000 0 0
;5
0 0 11010100 00000001 00000000 0 1
;6

0 1 11010100 00000001 00000000 0 1
;7

0 0 01010010 00000001 00000100 0 1
;8

0 1 01010010 00000001 00000100 0 1
;9

0 0 01010010 00000001 00000100 0 0
;10

0 1 01010010 00000001 00000100 0 0
;11

0 0 11011010 00000010 00000100 0 0
;12


;load acc(1010) and then move to reg2


0 1 11011010 00000010 00000100 0 0
;13

0 0 11011010 00000010 00000100 0 0
;14

0 1 11011010 00000010 00000100 0 0
;15

0 0 11011010 00000011 00000100 0 0
;16

0 1 11011010 00000011 00000100 0 0
;17

0 0 01010101 00000011 00011010 0 0
;18

0 1 01010101 00000011 00001010 0 0
;19

0 0 01010100 00000011 00001010 0 0
;20

0 1 01010101 00000011 00001010 0 0
;21

0 0 11010010 00000100 00001010 0 0
;22


;load acc(0010) and then move to reg3

0 1 11010010 00000100 00001010 0 0
;23

0 0 11010010 00000100 00001010 0 0
;24

0 1 11010010 00000100 00001010 0 0
;25

0 0 11010010 00000101 00001010 0 0
;26

0 1 11010010 00000101 00001010 0 0
;27

0 0 01010000 00000101 00000010 0 0
;28

0 1 01010000 00000101 00000010 0 0
;29

0 0 01010000 00000101 00000010 0 0
;30

0 1 01010000 00000101 00000010 0 0;31

0 0 00100010 00000110 00000010 0 0;32


;sub r1 with acc and jcreg2

0 1 00100010 00000110 00000010 0 0;33

0 0 00100010 00000110 00000010 0 0;34

0 1 00100010 00000110 00000010 0 0;35

0 0 10000001 00000111 00000010 1 0;36

0 1 10000001 00000111 00000010 1 0;37

0 0 10000001 00000111 11111110 1 0;38

0 1 10000001 00000111 11111110 x x;39

0 0 11011001 00000111 11111110 x x;40

;load acc with imm(1001)


0 1 11011001 00000111 11111110 x x;41

0 0 11011001 00001010 11111110 x x;42

0 1 11011001 00001010 11111110 x x;43

0 0 11011001 00001010 11111110 x x;44

0 1 11011001 00001010 11111110 x x;45

0 0      1 1 0 1 1 0 0 1    0 0 0 0 1 0 1 1   1 1 1 1 1 1 1 0    x x;46

0 1      1 1 0 1 1 0 0 1    0 0 0 0 1 0 1 1   1 1 1 1 1 1 1 0    x x;47

0 0      1 0 1 1 0 0 0 0    0 0 0 0 1 0 1 1   0 0 0 0 1 0 0 1    x x;48

;shl(acc)

0 1      1 0 1 1 0 0 0 0    0 0 0 0 1 0 1 1   0 0 0 0 1 0 0 1    x 0;49

0 0      1 0 1 1 0 0 0 0    0 0 0 0 1 0 1 1   0 0 0 0 1 0 0 1    x 0;50

0 1      1 0 1 1 0 0 0 0    0 0 0 0 1 0 1 1   0 0 0 0 1 0 0 1    x 0;51

0 0      1 0 1 1 0 0 0 0    0 0 0 0 1 1 0 0   0 0 0 1 0 0 1 0    x 0;52

0 1      1 0 1 1 0 0 0 0    0 0 0 0 1 1 0 0   0 0 0 1 0 0 1 0    x 0;53

0 0      1 0 1 1 0 0 0 0    0 0 0 0 1 1 0 0   0 0 1 0 0 1 0 0    x 0;54

0 1      1 0 1 1 0 0 0 0    0 0 0 0 1 1 0 0   0 0 1 0 0 1 0 0    x 0;55

0 0      1 0 1 1 0 0 0 0    0 0 0 0 1 1 0 0   0 0 1 0 0 1 0 0    x 0;56

0 1      1 0 1 1 0 0 0 0    0 0 0 0 1 1 0 0   0 0 1 0 0 1 0 0    x 0;57

0 0      1 0 1 1 0 0 0 0    0 0 0 0 1 1 0 1   0 1 0 0 1 0 0 0    x 0;58

0 1      1 0 1 1 0 0 0 0    0 0 0 0 1 1 0 1   0 1 0 0 1 0 0 0    x 0;59

0 0      0 1 0 1 0 0 1 1    0 0 0 0 1 1 0 1   1 0 0 1 0 0 0 0    x 0;60


;load reg0(1001)

0 1      0 1 0 1 0 0 1 1    0 0 0 0 1 1 0 1   1 0 0 1 0 0 0 0    x 0;61

0 0      0 1 0 1 0 0 1 1    0 0 0 0 1 1 0 1   1 0 0 1 0 0 0 0    x 0;62

0 1      0 1 0 1 0 0 1 1    0 0 0 0 1 1 0 1   1 0 0 1 0 0 0 0    x 0;63

0 0      0 1 0 0 0 0 0 0    0 0 0 0 1 1 1 0   1 0 0 1 0 0 0 0    x 0;64


;move reg3 value to acc


0 1      0 1 0 0 0 0 0 0    0 0 0 0 1 1 1 0   1 0 0 1 0 0 0 0    x 0;66

0 0      0 1 0 0 0 0 0 0    0 0 0 0 1 1 1 0   1 0 0 1 0 0 0 0    x 0;67

0 1      0 1 0 0 0 0 0 0    0 0 0 0 1 1 1 0   1 0 0 1 0 0 0 0    x 0;68

0 0      0 1 0 0 0 0 0 0    0 0 0 0 1 1 1 1   1 0 0 1 0 0 0 0    x 0;69

0 1      0 1 0 0 0 0 0 0    0 0 0 0 1 1 1 1   1 0 0 1 0 0 0 0    x 0;70

0 0      0 0 0 1 0 0 0 0    0 0 0 0 1 1 1 1   0 0 0 0 0 0 1 0    x 0;71


;add acc and reg3

0 1      0 0 0 1 0 0 0 0    0 0 0 0 1 1 1 1   0 0 0 0 0 0 1 0    x 0;71

0 0      0 0 0 1 0 0 0 0    0 0 0 0 1 1 1 1   0 0 0 0 0 0 1 0    x 0;72

0 1      0 0 0 1 0 0 0 0    0 0 0 0 1 1 1 1   0 0 0 0 0 0 1 0    x 0;73

0 0      0 0 0 1 0 0 0 0    0 0 0 1 0 0 0 0   0 0 0 0 0 0 1 0    0 0;74

0 1      0 0 0 1 0 0 0 0    0 0 0 1 0 0 0 0   0 0 0 0 0 0 1 0    0 0;

0 0      0 0 1 0 0 0 1 0    0 0 0 1 0 0 0 0   0 0 0 0 0 1 0 0    0 0

